0 2 3 4 5 6 7 0 9 10 11 12 13 14 0 16 17 18 19 20 21 0 23 24 25 26 27 28 0 30 31 32 33 34 35 0 37 38 39 40 41 42 0 44 45 46 47 48 49 0 51 52 53 54 55 56 0 58 59 60 61 62 63 0 65 66 67 68 69 70 0 72 73 74 75 76 77 0 79 80 81 82 83 84 0 86 87 88 89 90 91 0 93 94 95 96 97 98 0 100
11 12 13 14 15 16 0 18 19 20 21 22 23 0 25 26 27 28 29 30 0 32 33 34 35 36 37 0 39 40 41 42 43 44 0 46 47 48 49 50 51 0 53 54 55 56 57 58 0 60 61 62 63 64 65 0 67 68 69 70 71 72 0 74 75 76 77 78 79 0 81 82 83 84 85 86 0 88 89 90 91 92 93 0 95 96 97 98 99 100 0 2 3 4 5 6 7 0 9 10
21 22 23 24 25 0 27 28 29 30 31 32 0 34 35 36 37 38 39 0 41 42 43 44 45 46 0 48 49 50 51 52 53 0 55 56 57 58 59 60 0 62 63 64 65 66 67 0 69 70 71 72 73 74 0 76 77 78 79 80 81 0 83 84 85 86 87 88 0 90 91 92 93 94 95 0 97 98 99 100 1 2 0 4 5 6 7 8 9 0 11 12 13 14 15 16 0 18 19 20
31 32 33 34 0 36 37 38 39 40 41 0 43 44 45 46 47 48 0 50 51 52 53 54 55 0 57 58 59 60 61 62 0 64 65 66 67 68 69 0 71 72 73 74 75 76 0 78 79 80 81 82 83 0 85 86 87 88 89 90 0 92 93 94 95 96 97 0 99 100 1 2 3 4 0 6 7 8 9 10 11 0 13 14 15 16 17 18 0 20 21 22 23 24 25 0 27 28 29 30
41 42 43 0 45 46 47 48 49 50 0 52 53 54 55 56 57 0 59 60 61 62 63 64 0 66 67 68 69 70 71 0 73 74 75 76 77 78 0 80 81 82 83 84 85 0 87 88 89 90 91 92 0 94 95 96 97 98 99 0 1 2 3 4 5 6 0 8 9 10 11 12 13 0 15 16 17 18 19 20 0 22 23 24 25 26 27 0 29 30 31 32 33 34 0 36 37 38 39 40
51 52 0 54 55 56 57 58 59 0 61 62 63 64 65 66 0 68 69 70 71 72 73 0 75 76 77 78 79 80 0 82 83 84 85 86 87 0 89 90 91 92 93 94 0 96 97 98 99 100 1 0 3 4 5 6 7 8 0 10 11 12 13 14 15 0 17 18 19 20 21 22 0 24 25 26 27 28 29 0 31 32 33 34 35 36 0 38 39 40 41 42 43 0 45 46 47 48 49 50
61 0 63 64 65 66 67 68 0 70 71 72 73 74 75 0 77 78 79 80 81 82 0 84 85 86 87 88 89 0 91 92 93 94 95 96 0 98 99 100 1 2 3 0 5 6 7 8 9 10 0 12 13 14 15 16 17 0 19 20 21 22 23 24 0 26 27 28 29 30 31 0 33 34 35 36 37 38 0 40 41 42 43 44 45 0 47 48 49 50 51 52 0 54 55 56 57 58 59 0
0 72 73 74 75 76 77 0 79 80 81 82 83 84 0 86 87 88 89 90 91 0 93 94 95 96 97 98 0 100 1 2 3 4 5 0 7 8 9 10 11 12 0 14 15 16 17 18 19 0 21 22 23 24 25 26 0 28 29 30 31 32 33 0 35 36 37 38 39 40 0 42 43 44 45 46 47 0 49 50 51 52 53 54 0 56 57 58 59 60 61 0 63 64 65 66 67 68 0 70
81 82 83 84 85 86 0 88 89 90 91 92 93 0 95 96 97 98 99 100 0 2 3 4 5 6 7 0 9 10 11 12 13 14 0 16 17 18 19 20 21 0 23 24 25 26 27 28 0 30 31 32 33 34 35 0 37 38 39 40 41 42 0 44 45 46 47 48 49 0 51 52 53 54 55 56 0 58 59 60 61 62 63 0 65 66 67 68 69 70 0 72 73 74 75 76 77 0 79 80
91 92 93 94 95 0 97 98 99 100 1 2 0 4 5 6 7 8 9 0 11 12 13 14 15 16 0 18 19 20 21 22 23 0 25 26 27 28 29 30 0 32 33 34 35 36 37 0 39 40 41 42 43 44 0 46 47 48 49 50 51 0 53 54 55 56 57 58 0 60 61 62 63 64 65 0 67 68 69 70 71 72 0 74 75 76 77 78 79 0 81 82 83 84 85 86 0 88 89 90
2 3 4 5 0 7 8 9 10 11 12 0 14 15 16 17 18 19 0 21 22 23 24 25 26 0 28 29 30 31 32 33 0 35 36 37 38 39 40 0 42 43 44 45 46 47 0 49 50 51 52 53 54 0 56 57 58 59 60 61 0 63 64 65 66 67 68 0 70 71 72 73 74 75 0 77 78 79 80 81 82 0 84 85 86 87 88 89 0 91 92 93 94 95 96 0 98 99 100 1
12 13 14 0 16 17 18 19 20 21 0 23 24 25 26 27 28 0 30 31 32 33 34 35 0 37 38 39 40 41 42 0 44 45 46 47 48 49 0 51 52 53 54 55 56 0 58 59 60 61 62 63 0 65 66 67 68 69 70 0 72 73 74 75 76 77 0 79 80 81 82 83 84 0 86 87 88 89 90 91 0 93 94 95 96 97 98 0 100 1 2 3 4 5 0 7 8 9 10 11
22 23 0 25 26 27 28 29 30 0 32 33 34 35 36 37 0 39 40 41 42 43 44 0 46 47 48 49 50 51 0 53 54 55 56 57 58 0 60 61 62 63 64 65 0 67 68 69 70 71 72 0 74 75 76 77 78 79 0 81 82 83 84 85 86 0 88 89 90 91 92 93 0 95 96 97 98 99 100 0 2 3 4 5 6 7 0 9 10 11 12 13 14 0 16 17 18 19 20 21
32 0 34 35 36 37 38 39 0 41 42 43 44 45 46 0 48 49 50 51 52 53 0 55 56 57 58 59 60 0 62 63 64 65 66 67 0 69 70 71 72 73 74 0 76 77 78 79 80 81 0 83 84 85 86 87 88 0 90 91 92 93 94 95 0 97 98 99 100 1 2 0 4 5 6 7 8 9 0 11 12 13 14 15 16 0 18 19 20 21 22 23 0 25 26 27 28 29 30 0
0 43 44 45 46 47 48 0 50 51 52 53 54 55 0 57 58 59 60 61 62 0 64 65 66 67 68 69 0 71 72 73 74 75 76 0 78 79 80 81 82 83 0 85 86 87 88 89 90 0 92 93 94 95 96 97 0 99 100 1 2 3 4 0 6 7 8 9 10 11 0 13 14 15 16 17 18 0 20 21 22 23 24 25 0 27 28 29 30 31 32 0 34 35 36 37 38 39 0 41
52 53 54 55 56 57 0 59 60 61 62 63 64 0 66 67 68 69 70 71 0 73 74 75 76 77 78 0 80 81 82 83 84 85 0 87 88 89 90 91 92 0 94 95 96 97 98 99 0 1 2 3 4 5 6 0 8 9 10 11 12 13 0 15 16 17 18 19 20 0 22 23 24 25 26 27 0 29 30 31 32 33 34 0 36 37 38 39 40 41 0 43 44 45 46 47 48 0 50 51
62 63 64 65 66 0 68 69 70 71 72 73 0 75 76 77 78 79 80 0 82 83 84 85 86 87 0 89 90 91 92 93 94 0 96 97 98 99 100 1 0 3 4 5 6 7 8 0 10 11 12 13 14 15 0 17 18 19 20 21 22 0 24 25 26 27 28 29 0 31 32 33 34 35 36 0 38 39 40 41 42 43 0 45 46 47 48 49 50 0 52 53 54 55 56 57 0 59 60 61
72 73 74 75 0 77 78 79 80 81 82 0 84 85 86 87 88 89 0 91 92 93 94 95 96 0 98 99 100 1 2 3 0 5 6 7 8 9 10 0 12 13 14 15 16 17 0 19 20 21 22 23 24 0 26 27 28 29 30 31 0 33 34 35 36 37 38 0 40 41 42 43 44 45 0 47 48 49 50 51 52 0 54 55 56 57 58 59 0 61 62 63 64 65 66 0 68 69 70 71
82 83 84 0 86 87 88 89 90 91 0 93 94 95 96 97 98 0 100 1 2 3 4 5 0 7 8 9 10 11 12 0 14 15 16 17 18 19 0 21 22 23 24 25 26 0 28 29 30 31 32 33 0 35 36 37 38 39 40 0 42 43 44 45 46 47 0 49 50 51 52 53 54 0 56 57 58 59 60 61 0 63 64 65 66 67 68 0 70 71 72 73 74 75 0 77 78 79 80 81
92 93 0 95 96 97 98 99 100 0 2 3 4 5 6 7 0 9 10 11 12 13 14 0 16 17 18 19 20 21 0 23 24 25 26 27 28 0 30 31 32 33 34 35 0 37 38 39 40 41 42 0 44 45 46 47 48 49 0 51 52 53 54 55 56 0 58 59 60 61 62 63 0 65 66 67 68 69 70 0 72 73 74 75 76 77 0 79 80 81 82 83 84 0 86 87 88 89 90 91
3 0 5 6 7 8 9 10 0 12 13 14 15 16 17 0 19 20 21 22 23 24 0 26 27 28 29 30 31 0 33 34 35 36 37 38 0 40 41 42 43 44 45 0 47 48 49 50 51 52 0 54 55 56 57 58 59 0 61 62 63 64 65 66 0 68 69 70 71 72 73 0 75 76 77 78 79 80 0 82 83 84 85 86 87 0 89 90 91 92 93 94 0 96 97 98 99 100 1 0
0 14 15 16 17 18 19 0 21 22 23 24 25 26 0 28 29 30 31 32 33 0 35 36 37 38 39 40 0 42 43 44 45 46 47 0 49 50 51 52 53 54 0 56 57 58 59 60 61 0 63 64 65 66 67 68 0 70 71 72 73 74 75 0 77 78 79 80 81 82 0 84 85 86 87 88 89 0 91 92 93 94 95 96 0 98 99 100 1 2 3 0 5 6 7 8 9 10 0 12
23 24 25 26 27 28 0 30 31 32 33 34 35 0 37 38 39 40 41 42 0 44 45 46 47 48 49 0 51 52 53 54 55 56 0 58 59 60 61 62 63 0 65 66 67 68 69 70 0 72 73 74 75 76 77 0 79 80 81 82 83 84 0 86 87 88 89 90 91 0 93 94 95 96 97 98 0 100 1 2 3 4 5 0 7 8 9 10 11 12 0 14 15 16 17 18 19 0 21 22
33 34 35 36 37 0 39 40 41 42 43 44 0 46 47 48 49 50 51 0 53 54 55 56 57 58 0 60 61 62 63 64 65 0 67 68 69 70 71 72 0 74 75 76 77 78 79 0 81 82 83 84 85 86 0 88 89 90 91 92 93 0 95 96 97 98 99 100 0 2 3 4 5 6 7 0 9 10 11 12 13 14 0 16 17 18 19 20 21 0 23 24 25 26 27 28 0 30 31 32
43 44 45 46 0 48 49 50 51 52 53 0 55 56 57 58 59 60 0 62 63 64 65 66 67 0 69 70 71 72 73 74 0 76 77 78 79 80 81 0 83 84 85 86 87 88 0 90 91 92 93 94 95 0 97 98 99 100 1 2 0 4 5 6 7 8 9 0 11 12 13 14 15 16 0 18 19 20 21 22 23 0 25 26 27 28 29 30 0 32 33 34 35 36 37 0 39 40 41 42
53 54 55 0 57 58 59 60 61 62 0 64 65 66 67 68 69 0 71 72 73 74 75 76 0 78 79 80 81 82 83 0 85 86 87 88 89 90 0 92 93 94 95 96 97 0 99 100 1 2 3 4 0 6 7 8 9 10 11 0 13 14 15 16 17 18 0 20 21 22 23 24 25 0 27 28 29 30 31 32 0 34 35 36 37 38 39 0 41 42 43 44 45 46 0 48 49 50 51 52
63 64 0 66 67 68 69 70 71 0 73 74 75 76 77 78 0 80 81 82 83 84 85 0 87 88 89 90 91 92 0 94 95 96 97 98 99 0 1 2 3 4 5 6 0 8 9 10 11 12 13 0 15 16 17 18 19 20 0 22 23 24 25 26 27 0 29 30 31 32 33 34 0 36 37 38 39 40 41 0 43 44 45 46 47 48 0 50 51 52 53 54 55 0 57 58 59 60 61 62
73 0 75 76 77 78 79 80 0 82 83 84 85 86 87 0 89 90 91 92 93 94 0 96 97 98 99 100 1 0 3 4 5 6 7 8 0 10 11 12 13 14 15 0 17 18 19 20 21 22 0 24 25 26 27 28 29 0 31 32 33 34 35 36 0 38 39 40 41 42 43 0 45 46 47 48 49 50 0 52 53 54 55 56 57 0 59 60 61 62 63 64 0 66 67 68 69 70 71 0
0 84 85 86 87 88 89 0 91 92 93 94 95 96 0 98 99 100 1 2 3 0 5 6 7 8 9 10 0 12 13 14 15 16 17 0 19 20 21 22 23 24 0 26 27 28 29 30 31 0 33 34 35 36 37 38 0 40 41 42 43 44 45 0 47 48 49 50 51 52 0 54 55 56 57 58 59 0 61 62 63 64 65 66 0 68 69 70 71 72 73 0 75 76 77 78 79 80 0 82
93 94 95 96 97 98 0 100 1 2 3 4 5 0 7 8 9 10 11 12 0 14 15 16 17 18 19 0 21 22 23 24 25 26 0 28 29 30 31 32 33 0 35 36 37 38 39 40 0 42 43 44 45 46 47 0 49 50 51 52 53 54 0 56 57 58 59 60 61 0 63 64 65 66 67 68 0 70 71 72 73 74 75 0 77 78 79 80 81 82 0 84 85 86 87 88 89 0 91 92
4 5 6 7 8 0 10 11 12 13 14 15 0 17 18 19 20 21 22 0 24 25 26 27 28 29 0 31 32 33 34 35 36 0 38 39 40 41 42 43 0 45 46 47 48 49 50 0 52 53 54 55 56 57 0 59 60 61 62 63 64 0 66 67 68 69 70 71 0 73 74 75 76 77 78 0 80 81 82 83 84 85 0 87 88 89 90 91 92 0 94 95 96 97 98 99 0 1 2 3
14 15 16 17 0 19 20 21 22 23 24 0 26 27 28 29 30 31 0 33 34 35 36 37 38 0 40 41 42 43 44 45 0 47 48 49 50 51 52 0 54 55 56 57 58 59 0 61 62 63 64 65 66 0 68 69 70 71 72 73 0 75 76 77 78 79 80 0 82 83 84 85 86 87 0 89 90 91 92 93 94 0 96 97 98 99 100 1 0 3 4 5 6 7 8 0 10 11 12 13
24 25 26 0 28 29 30 31 32 33 0 35 36 37 38 39 40 0 42 43 44 45 46 47 0 49 50 51 52 53 54 0 56 57 58 59 60 61 0 63 64 65 66 67 68 0 70 71 72 73 74 75 0 77 78 79 80 81 82 0 84 85 86 87 88 89 0 91 92 93 94 95 96 0 98 99 100 1 2 3 0 5 6 7 8 9 10 0 12 13 14 15 16 17 0 19 20 21 22 23
34 35 0 37 38 39 40 41 42 0 44 45 46 47 48 49 0 51 52 53 54 55 56 0 58 59 60 61 62 63 0 65 66 67 68 69 70 0 72 73 74 75 76 77 0 79 80 81 82 83 84 0 86 87 88 89 90 91 0 93 94 95 96 97 98 0 100 1 2 3 4 5 0 7 8 9 10 11 12 0 14 15 16 17 18 19 0 21 22 23 24 25 26 0 28 29 30 31 32 33
44 0 46 47 48 49 50 51 0 53 54 55 56 57 58 0 60 61 62 63 64 65 0 67 68 69 70 71 72 0 74 75 76 77 78 79 0 81 82 83 84 85 86 0 88 89 90 91 92 93 0 95 96 97 98 99 100 0 2 3 4 5 6 7 0 9 10 11 12 13 14 0 16 17 18 19 20 21 0 23 24 25 26 27 28 0 30 31 32 33 34 35 0 37 38 39 40 41 42 0
0 55 56 57 58 59 60 0 62 63 64 65 66 67 0 69 70 71 72 73 74 0 76 77 78 79 80 81 0 83 84 85 86 87 88 0 90 91 92 93 94 95 0 97 98 99 100 1 2 0 4 5 6 7 8 9 0 11 12 13 14 15 16 0 18 19 20 21 22 23 0 25 26 27 28 29 30 0 32 33 34 35 36 37 0 39 40 41 42 43 44 0 46 47 48 49 50 51 0 53
64 65 66 67 68 69 0 71 72 73 74 75 76 0 78 79 80 81 82 83 0 85 86 87 88 89 90 0 92 93 94 95 96 97 0 99 100 1 2 3 4 0 6 7 8 9 10 11 0 13 14 15 16 17 18 0 20 21 22 23 24 25 0 27 28 29 30 31 32 0 34 35 36 37 38 39 0 41 42 43 44 45 46 0 48 49 50 51 52 53 0 55 56 57 58 59 60 0 62 63
74 75 76 77 78 0 80 81 82 83 84 85 0 87 88 89 90 91 92 0 94 95 96 97 98 99 0 1 2 3 4 5 6 0 8 9 10 11 12 13 0 15 16 17 18 19 20 0 22 23 24 25 26 27 0 29 30 31 32 33 34 0 36 37 38 39 40 41 0 43 44 45 46 47 48 0 50 51 52 53 54 55 0 57 58 59 60 61 62 0 64 65 66 67 68 69 0 71 72 73
84 85 86 87 0 89 90 91 92 93 94 0 96 97 98 99 100 1 0 3 4 5 6 7 8 0 10 11 12 13 14 15 0 17 18 19 20 21 22 0 24 25 26 27 28 29 0 31 32 33 34 35 36 0 38 39 40 41 42 43 0 45 46 47 48 49 50 0 52 53 54 55 56 57 0 59 60 61 62 63 64 0 66 67 68 69 70 71 0 73 74 75 76 77 78 0 80 81 82 83
94 95 96 0 98 99 100 1 2 3 0 5 6 7 8 9 10 0 12 13 14 15 16 17 0 19 20 21 22 23 24 0 26 27 28 29 30 31 0 33 34 35 36 37 38 0 40 41 42 43 44 45 0 47 48 49 50 51 52 0 54 55 56 57 58 59 0 61 62 63 64 65 66 0 68 69 70 71 72 73 0 75 76 77 78 79 80 0 82 83 84 85 86 87 0 89 90 91 92 93
5 6 0 8 9 10 11 12 13 0 15 16 17 18 19 20 0 22 23 24 25 26 27 0 29 30 31 32 33 34 0 36 37 38 39 40 41 0 43 44 45 46 47 48 0 50 51 52 53 54 55 0 57 58 59 60 61 62 0 64 65 66 67 68 69 0 71 72 73 74 75 76 0 78 79 80 81 82 83 0 85 86 87 88 89 90 0 92 93 94 95 96 97 0 99 100 1 2 3 4
15 0 17 18 19 20 21 22 0 24 25 26 27 28 29 0 31 32 33 34 35 36 0 38 39 40 41 42 43 0 45 46 47 48 49 50 0 52 53 54 55 56 57 0 59 60 61 62 63 64 0 66 67 68 69 70 71 0 73 74 75 76 77 78 0 80 81 82 83 84 85 0 87 88 89 90 91 92 0 94 95 96 97 98 99 0 1 2 3 4 5 6 0 8 9 10 11 12 13 0
0 26 27 28 29 30 31 0 33 34 35 36 37 38 0 40 41 42 43 44 45 0 47 48 49 50 51 52 0 54 55 56 57 58 59 0 61 62 63 64 65 66 0 68 69 70 71 72 73 0 75 76 77 78 79 80 0 82 83 84 85 86 87 0 89 90 91 92 93 94 0 96 97 98 99 100 1 0 3 4 5 6 7 8 0 10 11 12 13 14 15 0 17 18 19 20 21 22 0 24
35 36 37 38 39 40 0 42 43 44 45 46 47 0 49 50 51 52 53 54 0 56 57 58 59 60 61 0 63 64 65 66 67 68 0 70 71 72 73 74 75 0 77 78 79 80 81 82 0 84 85 86 87 88 89 0 91 92 93 94 95 96 0 98 99 100 1 2 3 0 5 6 7 8 9 10 0 12 13 14 15 16 17 0 19 20 21 22 23 24 0 26 27 28 29 30 31 0 33 34
45 46 47 48 49 0 51 52 53 54 55 56 0 58 59 60 61 62 63 0 65 66 67 68 69 70 0 72 73 74 75 76 77 0 79 80 81 82 83 84 0 86 87 88 89 90 91 0 93 94 95 96 97 98 0 100 1 2 3 4 5 0 7 8 9 10 11 12 0 14 15 16 17 18 19 0 21 22 23 24 25 26 0 28 29 30 31 32 33 0 35 36 37 38 39 40 0 42 43 44
55 56 57 58 0 60 61 62 63 64 65 0 67 68 69 70 71 72 0 74 75 76 77 78 79 0 81 82 83 84 85 86 0 88 89 90 91 92 93 0 95 96 97 98 99 100 0 2 3 4 5 6 7 0 9 10 11 12 13 14 0 16 17 18 19 20 21 0 23 24 25 26 27 28 0 30 31 32 33 34 35 0 37 38 39 40 41 42 0 44 45 46 47 48 49 0 51 52 53 54
65 66 67 0 69 70 71 72 73 74 0 76 77 78 79 80 81 0 83 84 85 86 87 88 0 90 91 92 93 94 95 0 97 98 99 100 1 2 0 4 5 6 7 8 9 0 11 12 13 14 15 16 0 18 19 20 21 22 23 0 25 26 27 28 29 30 0 32 33 34 35 36 37 0 39 40 41 42 43 44 0 46 47 48 49 50 51 0 53 54 55 56 57 58 0 60 61 62 63 64
75 76 0 78 79 80 81 82 83 0 85 86 87 88 89 90 0 92 93 94 95 96 97 0 99 100 1 2 3 4 0 6 7 8 9 10 11 0 13 14 15 16 17 18 0 20 21 22 23 24 25 0 27 28 29 30 31 32 0 34 35 36 37 38 39 0 41 42 43 44 45 46 0 48 49 50 51 52 53 0 55 56 57 58 59 60 0 62 63 64 65 66 67 0 69 70 71 72 73 74
85 0 87 88 89 90 91 92 0 94 95 96 97 98 99 0 1 2 3 4 5 6 0 8 9 10 11 12 13 0 15 16 17 18 19 20 0 22 23 24 25 26 27 0 29 30 31 32 33 34 0 36 37 38 39 40 41 0 43 44 45 46 47 48 0 50 51 52 53 54 55 0 57 58 59 60 61 62 0 64 65 66 67 68 69 0 71 72 73 74 75 76 0 78 79 80 81 82 83 0
0 96 97 98 99 100 1 0 3 4 5 6 7 8 0 10 11 12 13 14 15 0 17 18 19 20 21 22 0 24 25 26 27 28 29 0 31 32 33 34 35 36 0 38 39 40 41 42 43 0 45 46 47 48 49 50 0 52 53 54 55 56 57 0 59 60 61 62 63 64 0 66 67 68 69 70 71 0 73 74 75 76 77 78 0 80 81 82 83 84 85 0 87 88 89 90 91 92 0 94
6 7 8 9 10 11 0 13 14 15 16 17 18 0 20 21 22 23 24 25 0 27 28 29 30 31 32 0 34 35 36 37 38 39 0 41 42 43 44 45 46 0 48 49 50 51 52 53 0 55 56 57 58 59 60 0 62 63 64 65 66 67 0 69 70 71 72 73 74 0 76 77 78 79 80 81 0 83 84 85 86 87 88 0 90 91 92 93 94 95 0 97 98 99 100 1 2 0 4 5
16 17 18 19 20 0 22 23 24 25 26 27 0 29 30 31 32 33 34 0 36 37 38 39 40 41 0 43 44 45 46 47 48 0 50 51 52 53 54 55 0 57 58 59 60 61 62 0 64 65 66 67 68 69 0 71 72 73 74 75 76 0 78 79 80 81 82 83 0 85 86 87 88 89 90 0 92 93 94 95 96 97 0 99 100 1 2 3 4 0 6 7 8 9 10 11 0 13 14 15
26 27 28 29 0 31 32 33 34 35 36 0 38 39 40 41 42 43 0 45 46 47 48 49 50 0 52 53 54 55 56 57 0 59 60 61 62 63 64 0 66 67 68 69 70 71 0 73 74 75 76 77 78 0 80 81 82 83 84 85 0 87 88 89 90 91 92 0 94 95 96 97 98 99 0 1 2 3 4 5 6 0 8 9 10 11 12 13 0 15 16 17 18 19 20 0 22 23 24 25
36 37 38 0 40 41 42 43 44 45 0 47 48 49 50 51 52 0 54 55 56 57 58 59 0 61 62 63 64 65 66 0 68 69 70 71 72 73 0 75 76 77 78 79 80 0 82 83 84 85 86 87 0 89 90 91 92 93 94 0 96 97 98 99 100 1 0 3 4 5 6 7 8 0 10 11 12 13 14 15 0 17 18 19 20 21 22 0 24 25 26 27 28 29 0 31 32 33 34 35
46 47 0 49 50 51 52 53 54 0 56 57 58 59 60 61 0 63 64 65 66 67 68 0 70 71 72 73 74 75 0 77 78 79 80 81 82 0 84 85 86 87 88 89 0 91 92 93 94 95 96 0 98 99 100 1 2 3 0 5 6 7 8 9 10 0 12 13 14 15 16 17 0 19 20 21 22 23 24 0 26 27 28 29 30 31 0 33 34 35 36 37 38 0 40 41 42 43 44 45
56 0 58 59 60 61 62 63 0 65 66 67 68 69 70 0 72 73 74 75 76 77 0 79 80 81 82 83 84 0 86 87 88 89 90 91 0 93 94 95 96 97 98 0 100 1 2 3 4 5 0 7 8 9 10 11 12 0 14 15 16 17 18 19 0 21 22 23 24 25 26 0 28 29 30 31 32 33 0 35 36 37 38 39 40 0 42 43 44 45 46 47 0 49 50 51 52 53 54 0
0 67 68 69 70 71 72 0 74 75 76 77 78 79 0 81 82 83 84 85 86 0 88 89 90 91 92 93 0 95 96 97 98 99 100 0 2 3 4 5 6 7 0 9 10 11 12 13 14 0 16 17 18 19 20 21 0 23 24 25 26 27 28 0 30 31 32 33 34 35 0 37 38 39 40 41 42 0 44 45 46 47 48 49 0 51 52 53 54 55 56 0 58 59 60 61 62 63 0 65
76 77 78 79 80 81 0 83 84 85 86 87 88 0 90 91 92 93 94 95 0 97 98 99 100 1 2 0 4 5 6 7 8 9 0 11 12 13 14 15 16 0 18 19 20 21 22 23 0 25 26 27 28 29 30 0 32 33 34 35 36 37 0 39 40 41 42 43 44 0 46 47 48 49 50 51 0 53 54 55 56 57 58 0 60 61 62 63 64 65 0 67 68 69 70 71 72 0 74 75
86 87 88 89 90 0 92 93 94 95 96 97 0 99 100 1 2 3 4 0 6 7 8 9 10 11 0 13 14 15 16 17 18 0 20 21 22 23 24 25 0 27 28 29 30 31 32 0 34 35 36 37 38 39 0 41 42 43 44 45 46 0 48 49 50 51 52 53 0 55 56 57 58 59 60 0 62 63 64 65 66 67 0 69 70 71 72 73 74 0 76 77 78 79 80 81 0 83 84 85
96 97 98 99 0 1 2 3 4 5 6 0 8 9 10 11 12 13 0 15 16 17 18 19 20 0 22 23 24 25 26 27 0 29 30 31 32 33 34 0 36 37 38 39 40 41 0 43 44 45 46 47 48 0 50 51 52 53 54 55 0 57 58 59 60 61 62 0 64 65 66 67 68 69 0 71 72 73 74 75 76 0 78 79 80 81 82 83 0 85 86 87 88 89 90 0 92 93 94 95
7 8 9 0 11 12 13 14 15 16 0 18 19 20 21 22 23 0 25 26 27 28 29 30 0 32 33 34 35 36 37 0 39 40 41 42 43 44 0 46 47 48 49 50 51 0 53 54 55 56 57 58 0 60 61 62 63 64 65 0 67 68 69 70 71 72 0 74 75 76 77 78 79 0 81 82 83 84 85 86 0 88 89 90 91 92 93 0 95 96 97 98 99 100 0 2 3 4 5 6
17 18 0 20 21 22 23 24 25 0 27 28 29 30 31 32 0 34 35 36 37 38 39 0 41 42 43 44 45 46 0 48 49 50 51 52 53 0 55 56 57 58 59 60 0 62 63 64 65 66 67 0 69 70 71 72 73 74 0 76 77 78 79 80 81 0 83 84 85 86 87 88 0 90 91 92 93 94 95 0 97 98 99 100 1 2 0 4 5 6 7 8 9 0 11 12 13 14 15 16
27 0 29 30 31 32 33 34 0 36 37 38 39 40 41 0 43 44 45 46 47 48 0 50 51 52 53 54 55 0 57 58 59 60 61 62 0 64 65 66 67 68 69 0 71 72 73 74 75 76 0 78 79 80 81 82 83 0 85 86 87 88 89 90 0 92 93 94 95 96 97 0 99 100 1 2 3 4 0 6 7 8 9 10 11 0 13 14 15 16 17 18 0 20 21 22 23 24 25 0
0 38 39 40 41 42 43 0 45 46 47 48 49 50 0 52 53 54 55 56 57 0 59 60 61 62 63 64 0 66 67 68 69 70 71 0 73 74 75 76 77 78 0 80 81 82 83 84 85 0 87 88 89 90 91 92 0 94 95 96 97 98 99 0 1 2 3 4 5 6 0 8 9 10 11 12 13 0 15 16 17 18 19 20 0 22 23 24 25 26 27 0 29 30 31 32 33 34 0 36
47 48 49 50 51 52 0 54 55 56 57 58 59 0 61 62 63 64 65 66 0 68 69 70 71 72 73 0 75 76 77 78 79 80 0 82 83 84 85 86 87 0 89 90 91 92 93 94 0 96 97 98 99 100 1 0 3 4 5 6 7 8 0 10 11 12 13 14 15 0 17 18 19 20 21 22 0 24 25 26 27 28 29 0 31 32 33 34 35 36 0 38 39 40 41 42 43 0 45 46
57 58 59 60 61 0 63 64 65 66 67 68 0 70 71 72 73 74 75 0 77 78 79 80 81 82 0 84 85 86 87 88 89 0 91 92 93 94 95 96 0 98 99 100 1 2 3 0 5 6 7 8 9 10 0 12 13 14 15 16 17 0 19 20 21 22 23 24 0 26 27 28 29 30 31 0 33 34 35 36 37 38 0 40 41 42 43 44 45 0 47 48 49 50 51 52 0 54 55 56
67 68 69 70 0 72 73 74 75 76 77 0 79 80 81 82 83 84 0 86 87 88 89 90 91 0 93 94 95 96 97 98 0 100 1 2 3 4 5 0 7 8 9 10 11 12 0 14 15 16 17 18 19 0 21 22 23 24 25 26 0 28 29 30 31 32 33 0 35 36 37 38 39 40 0 42 43 44 45 46 47 0 49 50 51 52 53 54 0 56 57 58 59 60 61 0 63 64 65 66
77 78 79 0 81 82 83 84 85 86 0 88 89 90 91 92 93 0 95 96 97 98 99 100 0 2 3 4 5 6 7 0 9 10 11 12 13 14 0 16 17 18 19 20 21 0 23 24 25 26 27 28 0 30 31 32 33 34 35 0 37 38 39 40 41 42 0 44 45 46 47 48 49 0 51 52 53 54 55 56 0 58 59 60 61 62 63 0 65 66 67 68 69 70 0 72 73 74 75 76
87 88 0 90 91 92 93 94 95 0 97 98 99 100 1 2 0 4 5 6 7 8 9 0 11 12 13 14 15 16 0 18 19 20 21 22 23 0 25 26 27 28 29 30 0 32 33 34 35 36 37 0 39 40 41 42 43 44 0 46 47 48 49 50 51 0 53 54 55 56 57 58 0 60 61 62 63 64 65 0 67 68 69 70 71 72 0 74 75 76 77 78 79 0 81 82 83 84 85 86
97 0 99 100 1 2 3 4 0 6 7 8 9 10 11 0 13 14 15 16 17 18 0 20 21 22 23 24 25 0 27 28 29 30 31 32 0 34 35 36 37 38 39 0 41 42 43 44 45 46 0 48 49 50 51 52 53 0 55 56 57 58 59 60 0 62 63 64 65 66 67 0 69 70 71 72 73 74 0 76 77 78 79 80 81 0 83 84 85 86 87 88 0 90 91 92 93 94 95 0
0 9 10 11 12 13 14 0 16 17 18 19 20 21 0 23 24 25 26 27 28 0 30 31 32 33 34 35 0 37 38 39 40 41 42 0 44 45 46 47 48 49 0 51 52 53 54 55 56 0 58 59 60 61 62 63 0 65 66 67 68 69 70 0 72 73 74 75 76 77 0 79 80 81 82 83 84 0 86 87 88 89 90 91 0 93 94 95 96 97 98 0 100 1 2 3 4 5 0 7
18 19 20 21 22 23 0 25 26 27 28 29 30 0 32 33 34 35 36 37 0 39 40 41 42 43 44 0 46 47 48 49 50 51 0 53 54 55 56 57 58 0 60 61 62 63 64 65 0 67 68 69 70 71 72 0 74 75 76 77 78 79 0 81 82 83 84 85 86 0 88 89 90 91 92 93 0 95 96 97 98 99 100 0 2 3 4 5 6 7 0 9 10 11 12 13 14 0 16 17
28 29 30 31 32 0 34 35 36 37 38 39 0 41 42 43 44 45 46 0 48 49 50 51 52 53 0 55 56 57 58 59 60 0 62 63 64 65 66 67 0 69 70 71 72 73 74 0 76 77 78 79 80 81 0 83 84 85 86 87 88 0 90 91 92 93 94 95 0 97 98 99 100 1 2 0 4 5 6 7 8 9 0 11 12 13 14 15 16 0 18 19 20 21 22 23 0 25 26 27
38 39 40 41 0 43 44 45 46 47 48 0 50 51 52 53 54 55 0 57 58 59 60 61 62 0 64 65 66 67 68 69 0 71 72 73 74 75 76 0 78 79 80 81 82 83 0 85 86 87 88 89 90 0 92 93 94 95 96 97 0 99 100 1 2 3 4 0 6 7 8 9 10 11 0 13 14 15 16 17 18 0 20 21 22 23 24 25 0 27 28 29 30 31 32 0 34 35 36 37
48 49 50 0 52 53 54 55 56 57 0 59 60 61 62 63 64 0 66 67 68 69 70 71 0 73 74 75 76 77 78 0 80 81 82 83 84 85 0 87 88 89 90 91 92 0 94 95 96 97 98 99 0 1 2 3 4 5 6 0 8 9 10 11 12 13 0 15 16 17 18 19 20 0 22 23 24 25 26 27 0 29 30 31 32 33 34 0 36 37 38 39 40 41 0 43 44 45 46 47
58 59 0 61 62 63 64 65 66 0 68 69 70 71 72 73 0 75 76 77 78 79 80 0 82 83 84 85 86 87 0 89 90 91 92 93 94 0 96 97 98 99 100 1 0 3 4 5 6 7 8 0 10 11 12 13 14 15 0 17 18 19 20 21 22 0 24 25 26 27 28 29 0 31 32 33 34 35 36 0 38 39 40 41 42 43 0 45 46 47 48 49 50 0 52 53 54 55 56 57
68 0 70 71 72 73 74 75 0 77 78 79 80 81 82 0 84 85 86 87 88 89 0 91 92 93 94 95 96 0 98 99 100 1 2 3 0 5 6 7 8 9 10 0 12 13 14 15 16 17 0 19 20 21 22 23 24 0 26 27 28 29 30 31 0 33 34 35 36 37 38 0 40 41 42 43 44 45 0 47 48 49 50 51 52 0 54 55 56 57 58 59 0 61 62 63 64 65 66 0
0 79 80 81 82 83 84 0 86 87 88 89 90 91 0 93 94 95 96 97 98 0 100 1 2 3 4 5 0 7 8 9 10 11 12 0 14 15 16 17 18 19 0 21 22 23 24 25 26 0 28 29 30 31 32 33 0 35 36 37 38 39 40 0 42 43 44 45 46 47 0 49 50 51 52 53 54 0 56 57 58 59 60 61 0 63 64 65 66 67 68 0 70 71 72 73 74 75 0 77
88 89 90 91 92 93 0 95 96 97 98 99 100 0 2 3 4 5 6 7 0 9 10 11 12 13 14 0 16 17 18 19 20 21 0 23 24 25 26 27 28 0 30 31 32 33 34 35 0 37 38 39 40 41 42 0 44 45 46 47 48 49 0 51 52 53 54 55 56 0 58 59 60 61 62 63 0 65 66 67 68 69 70 0 72 73 74 75 76 77 0 79 80 81 82 83 84 0 86 87
98 99 100 1 2 0 4 5 6 7 8 9 0 11 12 13 14 15 16 0 18 19 20 21 22 23 0 25 26 27 28 29 30 0 32 33 34 35 36 37 0 39 40 41 42 43 44 0 46 47 48 49 50 51 0 53 54 55 56 57 58 0 60 61 62 63 64 65 0 67 68 69 70 71 72 0 74 75 76 77 78 79 0 81 82 83 84 85 86 0 88 89 90 91 92 93 0 95 96 97
9 10 11 12 0 14 15 16 17 18 19 0 21 22 23 24 25 26 0 28 29 30 31 32 33 0 35 36 37 38 39 40 0 42 43 44 45 46 47 0 49 50 51 52 53 54 0 56 57 58 59 60 61 0 63 64 65 66 67 68 0 70 71 72 73 74 75 0 77 78 79 80 81 82 0 84 85 86 87 88 89 0 91 92 93 94 95 96 0 98 99 100 1 2 3 0 5 6 7 8
19 20 21 0 23 24 25 26 27 28 0 30 31 32 33 34 35 0 37 38 39 40 41 42 0 44 45 46 47 48 49 0 51 52 53 54 55 56 0 58 59 60 61 62 63 0 65 66 67 68 69 70 0 72 73 74 75 76 77 0 79 80 81 82 83 84 0 86 87 88 89 90 91 0 93 94 95 96 97 98 0 100 1 2 3 4 5 0 7 8 9 10 11 12 0 14 15 16 17 18
29 30 0 32 33 34 35 36 37 0 39 40 41 42 43 44 0 46 47 48 49 50 51 0 53 54 55 56 57 58 0 60 61 62 63 64 65 0 67 68 69 70 71 72 0 74 75 76 77 78 79 0 81 82 83 84 85 86 0 88 89 90 91 92 93 0 95 96 97 98 99 100 0 2 3 4 5 6 7 0 9 10 11 12 13 14 0 16 17 18 19 20 21 0 23 24 25 26 27 28
39 0 41 42 43 44 45 46 0 48 49 50 51 52 53 0 55 56 57 58 59 60 0 62 63 64 65 66 67 0 69 70 71 72 73 74 0 76 77 78 79 80 81 0 83 84 85 86 87 88 0 90 91 92 93 94 95 0 97 98 99 100 1 2 0 4 5 6 7 8 9 0 11 12 13 14 15 16 0 18 19 20 21 22 23 0 25 26 27 28 29 30 0 32 33 34 35 36 37 0
0 50 51 52 53 54 55 0 57 58 59 60 61 62 0 64 65 66 67 68 69 0 71 72 73 74 75 76 0 78 79 80 81 82 83 0 85 86 87 88 89 90 0 92 93 94 95 96 97 0 99 100 1 2 3 4 0 6 7 8 9 10 11 0 13 14 15 16 17 18 0 20 21 22 23 24 25 0 27 28 29 30 31 32 0 34 35 36 37 38 39 0 41 42 43 44 45 46 0 48
59 60 61 62 63 64 0 66 67 68 69 70 71 0 73 74 75 76 77 78 0 80 81 82 83 84 85 0 87 88 89 90 91 92 0 94 95 96 97 98 99 0 1 2 3 4 5 6 0 8 9 10 11 12 13 0 15 16 17 18 19 20 0 22 23 24 25 26 27 0 29 30 31 32 33 34 0 36 37 38 39 40 41 0 43 44 45 46 47 48 0 50 51 52 53 54 55 0 57 58
69 70 71 72 73 0 75 76 77 78 79 80 0 82 83 84 85 86 87 0 89 90 91 92 93 94 0 96 97 98 99 100 1 0 3 4 5 6 7 8 0 10 11 12 13 14 15 0 17 18 19 20 21 22 0 24 25 26 27 28 29 0 31 32 33 34 35 36 0 38 39 40 41 42 43 0 45 46 47 48 49 50 0 52 53 54 55 56 57 0 59 60 61 62 63 64 0 66 67 68
79 80 81 82 0 84 85 86 87 88 89 0 91 92 93 94 95 96 0 98 99 100 1 2 3 0 5 6 7 8 9 10 0 12 13 14 15 16 17 0 19 20 21 22 23 24 0 26 27 28 29 30 31 0 33 34 35 36 37 38 0 40 41 42 43 44 45 0 47 48 49 50 51 52 0 54 55 56 57 58 59 0 61 62 63 64 65 66 0 68 69 70 71 72 73 0 75 76 77 78
89 90 91 0 93 94 95 96 97 98 0 100 1 2 3 4 5 0 7 8 9 10 11 12 0 14 15 16 17 18 19 0 21 22 23 24 25 26 0 28 29 30 31 32 33 0 35 36 37 38 39 40 0 42 43 44 45 46 47 0 49 50 51 52 53 54 0 56 57 58 59 60 61 0 63 64 65 66 67 68 0 70 71 72 73 74 75 0 77 78 79 80 81 82 0 84 85 86 87 88
99 100 0 2 3 4 5 6 7 0 9 10 11 12 13 14 0 16 17 18 19 20 21 0 23 24 25 26 27 28 0 30 31 32 33 34 35 0 37 38 39 40 41 42 0 44 45 46 47 48 49 0 51 52 53 54 55 56 0 58 59 60 61 62 63 0 65 66 67 68 69 70 0 72 73 74 75 76 77 0 79 80 81 82 83 84 0 86 87 88 89 90 91 0 93 94 95 96 97 98
10 0 12 13 14 15 16 17 0 19 20 21 22 23 24 0 26 27 28 29 30 31 0 33 34 35 36 37 38 0 40 41 42 43 44 45 0 47 48 49 50 51 52 0 54 55 56 57 58 59 0 61 62 63 64 65 66 0 68 69 70 71 72 73 0 75 76 77 78 79 80 0 82 83 84 85 86 87 0 89 90 91 92 93 94 0 96 97 98 99 100 1 0 3 4 5 6 7 8 0
0 21 22 23 24 25 26 0 28 29 30 31 32 33 0 35 36 37 38 39 40 0 42 43 44 45 46 47 0 49 50 51 52 53 54 0 56 57 58 59 60 61 0 63 64 65 66 67 68 0 70 71 72 73 74 75 0 77 78 79 80 81 82 0 84 85 86 87 88 89 0 91 92 93 94 95 96 0 98 99 100 1 2 3 0 5 6 7 8 9 10 0 12 13 14 15 16 17 0 19
30 31 32 33 34 35 0 37 38 39 40 41 42 0 44 45 46 47 48 49 0 51 52 53 54 55 56 0 58 59 60 61 62 63 0 65 66 67 68 69 70 0 72 73 74 75 76 77 0 79 80 81 82 83 84 0 86 87 88 89 90 91 0 93 94 95 96 97 98 0 100 1 2 3 4 5 0 7 8 9 10 11 12 0 14 15 16 17 18 19 0 21 22 23 24 25 26 0 28 29
40 41 42 43 44 0 46 47 48 49 50 51 0 53 54 55 56 57 58 0 60 61 62 63 64 65 0 67 68 69 70 71 72 0 74 75 76 77 78 79 0 81 82 83 84 85 86 0 88 89 90 91 92 93 0 95 96 97 98 99 100 0 2 3 4 5 6 7 0 9 10 11 12 13 14 0 16 17 18 19 20 21 0 23 24 25 26 27 28 0 30 31 32 33 34 35 0 37 38 39
50 51 52 53 0 55 56 57 58 59 60 0 62 63 64 65 66 67 0 69 70 71 72 73 74 0 76 77 78 79 80 81 0 83 84 85 86 87 88 0 90 91 92 93 94 95 0 97 98 99 100 1 2 0 4 5 6 7 8 9 0 11 12 13 14 15 16 0 18 19 20 21 22 23 0 25 26 27 28 29 30 0 32 33 34 35 36 37 0 39 40 41 42 43 44 0 46 47 48 49
60 61 62 0 64 65 66 67 68 69 0 71 72 73 74 75 76 0 78 79 80 81 82 83 0 85 86 87 88 89 90 0 92 93 94 95 96 97 0 99 100 1 2 3 4 0 6 7 8 9 10 11 0 13 14 15 16 17 18 0 20 21 22 23 24 25 0 27 28 29 30 31 32 0 34 35 36 37 38 39 0 41 42 43 44 45 46 0 48 49 50 51 52 53 0 55 56 57 58 59
70 71 0 73 74 75 76 77 78 0 80 81 82 83 84 85 0 87 88 89 90 91 92 0 94 95 96 97 98 99 0 1 2 3 4 5 6 0 8 9 10 11 12 13 0 15 16 17 18 19 20 0 22 23 24 25 26 27 0 29 30 31 32 33 34 0 36 37 38 39 40 41 0 43 44 45 46 47 48 0 50 51 52 53 54 55 0 57 58 59 60 61 62 0 64 65 66 67 68 69
80 0 82 83 84 85 86 87 0 89 90 91 92 93 94 0 96 97 98 99 100 1 0 3 4 5 6 7 8 0 10 11 12 13 14 15 0 17 18 19 20 21 22 0 24 25 26 27 28 29 0 31 32 33 34 35 36 0 38 39 40 41 42 43 0 45 46 47 48 49 50 0 52 53 54 55 56 57 0 59 60 61 62 63 64 0 66 67 68 69 70 71 0 73 74 75 76 77 78 0
0 91 92 93 94 95 96 0 98 99 100 1 2 3 0 5 6 7 8 9 10 0 12 13 14 15 16 17 0 19 20 21 22 23 24 0 26 27 28 29 30 31 0 33 34 35 36 37 38 0 40 41 42 43 44 45 0 47 48 49 50 51 52 0 54 55 56 57 58 59 0 61 62 63 64 65 66 0 68 69 70 71 72 73 0 75 76 77 78 79 80 0 82 83 84 85 86 87 0 89
100 1 2 3 4 5 0 7 8 9 10 11 12 0 14 15 16 17 18 19 0 21 22 23 24 25 26 0 28 29 30 31 32 33 0 35 36 37 38 39 40 0 42 43 44 45 46 47 0 49 50 51 52 53 54 0 56 57 58 59 60 61 0 63 64 65 66 67 68 0 70 71 72 73 74 75 0 77 78 79 80 81 82 0 84 85 86 87 88 89 0 91 92 93 94 95 96 0 98 99
