0 2 3 4 5 6 7 8 9 10 11 12 13 0 15 16 17 18 19 20 21 22 23 24 25 26 0 28 29 30 31 32 33 34 35 36 37 38 39 0 41 42 43 44 45 46 47 48 49 50 51 52 53 54 55 56 57 58 59 60 61 62 63 64
9 10 11 12 13 0 15 16 17 18 19 20 21 22 23 24 25 26 0 28 29 30 31 32 33 34 35 36 37 38 39 0 41 42 43 44 45 46 47 48 49 50 51 52 0 54 55 56 57 58 59 60 61 62 63 64 1 2 3 4 5 6 7 8
17 18 19 20 21 22 23 24 25 26 0 28 29 30 31 32 33 34 35 36 37 38 39 0 41 42 43 44 45 46 47 48 49 50 51 52 0 54 55 56 57 58 59 60 61 62 63 64 1 0 3 4 5 6 7 8 9 10 11 12 13 14 15 16
25 26 27 28 29 30 31 32 33 34 35 36 37 38 39 0 41 42 43 44 45 46 47 48 49 50 51 52 0 54 55 56 57 58 59 60 61 62 63 64 1 0 3 4 5 6 7 8 9 10 11 12 13 14 0 16 17 18 19 20 21 22 23 24
33 34 35 36 37 38 39 40 41 42 43 44 45 46 47 48 49 50 51 52 0 54 55 56 57 58 59 60 61 62 63 64 1 0 3 4 5 6 7 8 9 10 11 12 13 14 0 16 17 18 19 20 21 22 23 24 25 26 27 0 29 30 31 32
0 42 43 44 45 46 47 48 49 50 51 52 53 54 55 56 57 58 59 60 61 62 63 64 1 0 3 4 5 6 7 8 9 10 11 12 13 14 0 16 17 18 19 20 21 22 23 24 25 26 27 0 29 30 31 32 33 34 35 36 37 38 39 40
49 50 51 52 53 0 55 56 57 58 59 60 61 62 63 64 1 2 3 4 5 6 7 8 9 10 11 12 13 14 0 16 17 18 19 20 21 22 23 24 25 26 27 0 29 30 31 32 33 34 35 36 37 38 39 40 0 42 43 44 45 46 47 48
57 58 59 60 61 62 63 64 1 2 0 4 5 6 7 8 9 10 11 12 13 14 15 16 17 18 19 20 21 22 23 24 25 26 27 0 29 30 31 32 33 34 35 36 37 38 39 40 0 42 43 44 45 46 47 48 49 50 51 52 53 0 55 56
2 3 0 5 6 7 8 9 10 11 12 13 14 15 16 0 18 19 20 21 22 23 24 25 26 27 28 29 30 31 32 33 34 35 36 37 38 39 40 41 0 43 44 45 46 47 48 49 50 51 52 53 54 0 56 57 58 59 60 61 62 63 64 1
10 11 12 13 14 15 16 0 18 19 20 21 22 23 24 25 26 27 28 29 0 31 32 33 34 35 36 37 38 39 40 41 42 43 44 45 46 47 48 49 50 51 52 53 54 0 56 57 58 59 60 61 62 63 64 1 2 3 0 5 6 7 8 9
18 19 20 21 22 23 24 25 26 27 28 29 0 31 32 33 34 35 36 37 38 39 40 41 42 0 44 45 46 47 48 49 50 51 52 53 54 55 56 57 58 59 60 61 62 63 64 1 2 3 0 5 6 7 8 9 10 11 12 13 14 15 16 0
26 27 28 29 0 31 32 33 34 35 36 37 38 39 40 41 42 0 44 45 46 47 48 49 50 51 52 53 54 55 0 57 58 59 60 61 62 63 64 1 2 3 4 5 6 7 8 9 10 11 12 13 14 15 16 0 18 19 20 21 22 23 24 25
34 35 36 37 38 39 40 41 42 0 44 45 46 47 48 49 50 51 52 53 54 55 0 57 58 59 60 61 62 63 64 1 2 3 4 0 6 7 8 9 10 11 12 13 14 15 16 17 18 19 20 21 22 23 24 25 26 27 28 29 0 31 32 33
42 0 44 45 46 47 48 49 50 51 52 53 54 55 0 57 58 59 60 61 62 63 64 1 2 3 4 0 6 7 8 9 10 11 12 13 14 15 16 17 0 19 20 21 22 23 24 25 26 27 28 29 30 31 32 33 34 35 36 37 38 39 40 41
50 51 52 53 54 55 0 57 58 59 60 61 62 63 64 1 2 3 4 0 6 7 8 9 10 11 12 13 14 15 16 17 0 19 20 21 22 23 24 25 26 27 28 29 30 0 32 33 34 35 36 37 38 39 40 41 42 43 44 45 46 47 48 49
58 59 60 61 62 63 64 1 2 3 4 0 6 7 8 9 10 11 12 13 14 15 16 17 0 19 20 21 22 23 24 25 26 27 28 29 30 0 32 33 34 35 36 37 38 39 40 41 42 43 0 45 46 47 48 49 50 51 52 53 54 55 56 57
3 4 5 6 7 8 9 10 11 12 13 14 15 16 17 18 0 20 21 22 23 24 25 26 27 28 29 30 31 0 33 34 35 36 37 38 39 40 41 42 43 44 0 46 47 48 49 50 51 52 53 54 55 56 57 0 59 60 61 62 63 64 1 2
11 12 13 14 15 16 17 18 19 20 21 22 23 24 25 26 27 28 29 30 31 0 33 34 35 36 37 38 39 40 41 42 43 44 0 46 47 48 49 50 51 52 53 54 55 56 57 0 59 60 61 62 63 64 1 2 3 4 5 6 0 8 9 10
19 0 21 22 23 24 25 26 27 28 29 30 31 32 33 34 35 36 37 38 39 40 41 42 43 44 0 46 47 48 49 50 51 52 53 54 55 56 57 0 59 60 61 62 63 64 1 2 3 4 5 6 0 8 9 10 11 12 13 14 15 16 17 18
27 28 29 30 31 32 0 34 35 36 37 38 39 40 41 42 43 44 45 46 47 48 49 50 51 52 53 54 55 56 57 0 59 60 61 62 63 64 1 2 3 4 5 6 0 8 9 10 11 12 13 14 15 16 17 18 19 0 21 22 23 24 25 26
35 36 37 38 39 40 41 42 43 44 45 0 47 48 49 50 51 52 53 54 55 56 57 58 59 60 61 62 63 64 1 2 3 4 5 6 0 8 9 10 11 12 13 14 15 16 17 18 19 0 21 22 23 24 25 26 27 28 29 30 31 32 0 34
43 44 45 0 47 48 49 50 51 52 53 54 55 56 57 58 0 60 61 62 63 64 1 2 3 4 5 6 7 8 9 10 11 12 13 14 15 16 17 18 19 0 21 22 23 24 25 26 27 28 29 30 31 32 0 34 35 36 37 38 39 40 41 42
51 52 53 54 55 56 57 58 0 60 61 62 63 64 1 2 3 4 5 6 7 0 9 10 11 12 13 14 15 16 17 18 19 20 21 22 23 24 25 26 27 28 29 30 31 32 0 34 35 36 37 38 39 40 41 42 43 44 45 0 47 48 49 50
0 60 61 62 63 64 1 2 3 4 5 6 7 0 9 10 11 12 13 14 15 16 17 18 19 20 0 22 23 24 25 26 27 28 29 30 31 32 33 34 35 36 37 38 39 40 41 42 43 44 45 0 47 48 49 50 51 52 53 54 55 56 57 58
4 5 6 7 8 0 10 11 12 13 14 15 16 17 18 19 20 21 0 23 24 25 26 27 28 29 30 31 32 33 34 0 36 37 38 39 40 41 42 43 44 45 46 47 48 49 50 51 52 53 54 55 56 57 58 59 0 61 62 63 64 1 2 3
12 13 14 15 16 17 18 19 20 21 0 23 24 25 26 27 28 29 30 31 32 33 34 0 36 37 38 39 40 41 42 43 44 45 46 47 0 49 50 51 52 53 54 55 56 57 58 59 60 61 62 63 64 1 2 3 4 5 6 7 8 0 10 11
20 21 0 23 24 25 26 27 28 29 30 31 32 33 34 0 36 37 38 39 40 41 42 43 44 45 46 47 0 49 50 51 52 53 54 55 56 57 58 59 60 0 62 63 64 1 2 3 4 5 6 7 8 9 10 11 12 13 14 15 16 17 18 19
28 29 30 31 32 33 34 0 36 37 38 39 40 41 42 43 44 45 46 47 0 49 50 51 52 53 54 55 56 57 58 59 60 0 62 63 64 1 2 3 4 5 6 7 8 9 0 11 12 13 14 15 16 17 18 19 20 21 22 23 24 25 26 27
36 37 38 39 40 41 42 43 44 45 46 47 0 49 50 51 52 53 54 55 56 57 58 59 60 0 62 63 64 1 2 3 4 5 6 7 8 9 0 11 12 13 14 15 16 17 18 19 20 21 22 0 24 25 26 27 28 29 30 31 32 33 34 35
44 45 46 47 48 49 50 51 52 53 54 55 56 57 58 59 60 0 62 63 64 1 2 3 4 5 6 7 8 9 0 11 12 13 14 15 16 17 18 19 20 21 22 0 24 25 26 27 28 29 30 31 32 33 34 35 0 37 38 39 40 41 42 43
52 53 54 55 56 57 58 59 60 61 62 63 64 1 2 3 4 5 6 7 8 9 0 11 12 13 14 15 16 17 18 19 20 21 22 0 24 25 26 27 28 29 30 31 32 33 34 35 0 37 38 39 40 41 42 43 44 45 46 47 48 0 50 51
60 61 0 63 64 1 2 3 4 5 6 7 8 9 10 11 12 13 14 15 16 17 18 19 20 21 22 0 24 25 26 27 28 29 30 31 32 33 34 35 0 37 38 39 40 41 42 43 44 45 46 47 48 0 50 51 52 53 54 55 56 57 58 59
5 6 7 8 9 10 11 0 13 14 15 16 17 18 19 20 21 22 23 24 25 26 27 28 29 30 31 32 33 34 35 36 0 38 39 40 41 42 43 44 45 46 47 48 49 0 51 52 53 54 55 56 57 58 59 60 61 62 0 64 1 2 3 4
13 14 15 16 17 18 19 20 21 22 23 24 0 26 27 28 29 30 31 32 33 34 35 36 37 38 39 40 41 42 43 44 45 46 47 48 49 0 51 52 53 54 55 56 57 58 59 60 61 62 0 64 1 2 3 4 5 6 7 8 9 10 11 0
21 22 23 24 0 26 27 28 29 30 31 32 33 34 35 36 37 0 39 40 41 42 43 44 45 46 47 48 49 50 51 52 53 54 55 56 57 58 59 60 61 62 0 64 1 2 3 4 5 6 7 8 9 10 11 0 13 14 15 16 17 18 19 20
29 30 31 32 33 34 35 36 37 0 39 40 41 42 43 44 45 46 47 48 49 50 0 52 53 54 55 56 57 58 59 60 61 62 63 64 1 2 3 4 5 6 7 8 9 10 11 0 13 14 15 16 17 18 19 20 21 22 23 24 0 26 27 28
37 0 39 40 41 42 43 44 45 46 47 48 49 50 0 52 53 54 55 56 57 58 59 60 61 62 63 0 1 2 3 4 5 6 7 8 9 10 11 12 13 14 15 16 17 18 19 20 21 22 23 24 0 26 27 28 29 30 31 32 33 34 35 36
45 46 47 48 49 50 0 52 53 54 55 56 57 58 59 60 61 62 63 0 1 2 3 4 5 6 7 8 9 10 11 12 0 14 15 16 17 18 19 20 21 22 23 24 25 26 27 28 29 30 31 32 33 34 35 36 37 0 39 40 41 42 43 44
53 54 55 56 57 58 59 60 61 62 63 0 1 2 3 4 5 6 7 8 9 10 11 12 0 14 15 16 17 18 19 20 21 22 23 24 25 0 27 28 29 30 31 32 33 34 35 36 37 38 39 40 41 42 43 44 45 46 47 48 49 50 0 52
61 62 63 0 1 2 3 4 5 6 7 8 9 10 11 12 0 14 15 16 17 18 19 20 21 22 23 24 25 0 27 28 29 30 31 32 33 34 35 36 37 38 0 40 41 42 43 44 45 46 47 48 49 50 51 52 53 54 55 56 57 58 59 60
6 7 8 9 10 11 12 13 0 15 16 17 18 19 20 21 22 23 24 25 26 0 28 29 30 31 32 33 34 35 36 37 38 39 0 41 42 43 44 45 46 47 48 49 50 51 52 0 54 55 56 57 58 59 60 61 62 63 64 1 2 3 4 5
14 15 16 17 18 19 20 21 22 23 24 25 26 0 28 29 30 31 32 33 34 35 36 37 38 39 0 41 42 43 44 45 46 47 48 49 50 51 52 0 54 55 56 57 58 59 60 61 62 63 64 1 0 3 4 5 6 7 8 9 10 11 12 13
22 23 24 25 26 27 28 29 30 31 32 33 34 35 36 37 38 39 0 41 42 43 44 45 46 47 48 49 50 51 52 0 54 55 56 57 58 59 60 61 62 63 64 1 0 3 4 5 6 7 8 9 10 11 12 13 14 0 16 17 18 19 20 21
30 31 32 33 34 35 36 37 38 39 40 41 42 43 44 45 46 47 48 49 50 51 52 0 54 55 56 57 58 59 60 61 62 63 64 1 0 3 4 5 6 7 8 9 10 11 12 13 14 0 16 17 18 19 20 21 22 23 24 25 26 27 0 29
38 39 40 0 42 43 44 45 46 47 48 49 50 51 52 53 54 55 56 57 58 59 60 61 62 63 64 1 0 3 4 5 6 7 8 9 10 11 12 13 14 0 16 17 18 19 20 21 22 23 24 25 26 27 0 29 30 31 32 33 34 35 36 37
46 47 48 49 50 51 52 53 0 55 56 57 58 59 60 61 62 63 64 1 2 3 4 5 6 7 8 9 10 11 12 13 14 0 16 17 18 19 20 21 22 23 24 25 26 27 0 29 30 31 32 33 34 35 36 37 38 39 40 0 42 43 44 45
0 55 56 57 58 59 60 61 62 63 64 1 2 0 4 5 6 7 8 9 10 11 12 13 14 15 16 17 18 19 20 21 22 23 24 25 26 27 0 29 30 31 32 33 34 35 36 37 38 39 40 0 42 43 44 45 46 47 48 49 50 51 52 53
62 63 64 1 2 0 4 5 6 7 8 9 10 11 12 13 14 15 0 17 18 19 20 21 22 23 24 25 26 27 28 29 30 31 32 33 34 35 36 37 38 39 40 0 42 43 44 45 46 47 48 49 50 51 52 53 0 55 56 57 58 59 60 61
7 8 9 10 11 12 13 14 15 16 0 18 19 20 21 22 23 24 25 26 27 28 29 0 31 32 33 34 35 36 37 38 39 40 41 42 43 44 45 46 47 48 49 50 51 52 53 54 0 56 57 58 59 60 61 62 63 64 1 2 3 0 5 6
15 16 0 18 19 20 21 22 23 24 25 26 27 28 29 0 31 32 33 34 35 36 37 38 39 40 41 42 0 44 45 46 47 48 49 50 51 52 53 54 55 56 57 58 59 60 61 62 63 64 1 2 3 0 5 6 7 8 9 10 11 12 13 14
23 24 25 26 27 28 29 0 31 32 33 34 35 36 37 38 39 40 41 42 0 44 45 46 47 48 49 50 51 52 53 54 55 0 57 58 59 60 61 62 63 64 1 2 3 4 5 6 7 8 9 10 11 12 13 14 15 16 0 18 19 20 21 22
31 32 33 34 35 36 37 38 39 40 41 42 0 44 45 46 47 48 49 50 51 52 53 54 55 0 57 58 59 60 61 62 63 64 1 2 3 4 0 6 7 8 9 10 11 12 13 14 15 16 17 18 19 20 21 22 23 24 25 26 27 28 29 0
39 40 41 42 0 44 45 46 47 48 49 50 51 52 53 54 55 0 57 58 59 60 61 62 63 64 1 2 3 4 0 6 7 8 9 10 11 12 13 14 15 16 17 0 19 20 21 22 23 24 25 26 27 28 29 30 31 32 33 34 35 36 37 38
47 48 49 50 51 52 53 54 55 0 57 58 59 60 61 62 63 64 1 2 3 4 0 6 7 8 9 10 11 12 13 14 15 16 17 0 19 20 21 22 23 24 25 26 27 28 29 30 0 32 33 34 35 36 37 38 39 40 41 42 43 44 45 46
55 56 57 58 59 60 61 62 63 64 1 2 3 4 0 6 7 8 9 10 11 12 13 14 15 16 17 0 19 20 21 22 23 24 25 26 27 28 29 30 0 32 33 34 35 36 37 38 39 40 41 42 43 0 45 46 47 48 49 50 51 52 53 54
63 64 1 2 3 4 5 6 7 8 9 10 11 12 13 14 15 16 17 0 19 20 21 22 23 24 25 26 27 28 29 30 0 32 33 34 35 36 37 38 39 40 41 42 43 0 45 46 47 48 49 50 51 52 53 54 55 56 0 58 59 60 61 62
8 9 10 11 12 13 14 15 16 17 18 19 20 21 22 23 24 25 26 27 28 29 30 31 0 33 34 35 36 37 38 39 40 41 42 43 44 0 46 47 48 49 50 51 52 53 54 55 56 57 0 59 60 61 62 63 64 1 2 3 4 5 6 0
16 17 18 19 0 21 22 23 24 25 26 27 28 29 30 31 32 33 34 35 36 37 38 39 40 41 42 43 44 0 46 47 48 49 50 51 52 53 54 55 56 57 0 59 60 61 62 63 64 1 2 3 4 5 6 0 8 9 10 11 12 13 14 15
24 25 26 27 28 29 30 31 32 0 34 35 36 37 38 39 40 41 42 43 44 45 46 47 48 49 50 51 52 53 54 55 56 57 0 59 60 61 62 63 64 1 2 3 4 5 6 0 8 9 10 11 12 13 14 15 16 17 18 19 0 21 22 23
32 0 34 35 36 37 38 39 40 41 42 43 44 45 0 47 48 49 50 51 52 53 54 55 56 57 58 59 60 61 62 63 64 1 2 3 4 5 6 0 8 9 10 11 12 13 14 15 16 17 18 19 0 21 22 23 24 25 26 27 28 29 30 31
40 41 42 43 44 45 0 47 48 49 50 51 52 53 54 55 56 57 58 0 60 61 62 63 64 1 2 3 4 5 6 7 8 9 10 11 12 13 14 15 16 17 18 19 0 21 22 23 24 25 26 27 28 29 30 31 32 0 34 35 36 37 38 39
48 49 50 51 52 53 54 55 56 57 58 0 60 61 62 63 64 1 2 3 4 5 6 7 0 9 10 11 12 13 14 15 16 17 18 19 20 21 22 23 24 25 26 27 28 29 30 31 32 0 34 35 36 37 38 39 40 41 42 43 44 45 0 47
56 57 58 0 60 61 62 63 64 1 2 3 4 5 6 7 0 9 10 11 12 13 14 15 16 17 18 19 20 0 22 23 24 25 26 27 28 29 30 31 32 33 34 35 36 37 38 39 40 41 42 43 44 45 0 47 48 49 50 51 52 53 54 55
64 1 2 3 4 5 6 7 0 9 10 11 12 13 14 15 16 17 18 19 20 0 22 23 24 25 26 27 28 29 30 31 32 33 0 35 36 37 38 39 40 41 42 43 44 45 46 47 48 49 50 51 52 53 54 55 56 57 58 0 60 61 62 63
